   1.1634394e-01   1.1641287e-01   7.6724319e-01
   2.6732817e-01   2.6706542e-01   4.6560641e-01
   1.6995036e-01   1.7046525e-01   6.5958439e-01
   1.3951613e-01   1.3987253e-01   7.2061134e-01
   1.3882580e-01   1.3887962e-01   7.2229458e-01
   2.4117601e-01   2.4047484e-01   5.1834915e-01
   4.3244925e-01   4.3228095e-01   1.3526980e-01
   1.1664378e-01   1.1633443e-01   7.6702178e-01
   2.6717020e-01   2.6762621e-01   4.6520359e-01
   1.6987594e-01   1.7009823e-01   6.6002583e-01
   1.3980089e-01   1.4004034e-01   7.2015877e-01
   1.3886325e-01   1.3879907e-01   7.2233768e-01
   2.4051282e-01   2.4136205e-01   5.1812513e-01
   4.3299703e-01   4.3190759e-01   1.3509538e-01
