   2.4332102e-01   2.4515131e-01   5.1152767e-01
   3.0330682e-01   3.0554172e-01   3.9115146e-01
   1.9351610e-01   1.9869799e-01   6.0778591e-01
   1.1154818e-01   1.1230752e-01   7.7614430e-01
   1.2263055e-01   1.2261297e-01   7.5475648e-01
   2.7386010e-01   2.7441656e-01   4.5172334e-01
   4.1386984e-01   4.1596903e-01   1.7016113e-01
   2.4520812e-01   2.4400494e-01   5.1078694e-01
   3.0396069e-01   3.0501924e-01   3.9102007e-01
   1.9572269e-01   1.9488992e-01   6.0938739e-01
   1.1210372e-01   1.1183819e-01   7.7605809e-01
   1.2138814e-01   1.2237729e-01   7.5623458e-01
   2.7298086e-01   2.7455648e-01   4.5246266e-01
   4.1660756e-01   4.1439077e-01   1.6900167e-01
