   1.8270805e-01   1.9874679e-01   6.1854516e-01
   2.7785140e-01   2.9649189e-01   4.2565671e-01
   3.2922139e-01   3.5777972e-01   3.1299889e-01
   2.3673866e-01   3.3275075e-01   4.3051059e-01
   2.5814148e-01   2.8297194e-01   4.5888658e-01
   3.1558281e-01   2.6826839e-01   4.1614880e-01
   2.0704266e-01   2.0617831e-01   5.8677903e-01
   1.8728991e-01   5.4707446e-01   2.6563563e-01
   3.8198571e-01   3.7649783e-01   2.4151646e-01
   2.7125605e-01   1.8668627e-01   5.4205769e-01
   2.4444498e-01   2.4131423e-01   5.1424080e-01
   5.8941747e-01   1.3709512e-01   2.7348741e-01
