   2.2806503e-01   2.2935505e-01   5.4257992e-01
   3.0645149e-01   3.0575214e-01   3.8779636e-01
   1.8140263e-01   1.8302749e-01   6.3556988e-01
   1.3581956e-01   1.3616630e-01   7.2801413e-01
   1.7482660e-01   1.7456163e-01   6.5061178e-01
   3.7602850e-01   3.7732056e-01   2.4665094e-01
   2.2907926e-01   2.2821220e-01   5.4270853e-01
   3.0617820e-01   3.0546582e-01   3.8835598e-01
   1.8196223e-01   1.8152800e-01   6.3650977e-01
   1.3575624e-01   1.3564588e-01   7.2859788e-01
   1.7499899e-01   1.7503073e-01   6.4997028e-01
   3.7671596e-01   3.7640268e-01   2.4688136e-01
