   1.6437244e-01   1.6428275e-01   6.7134482e-01
   2.7938606e-01   2.7853515e-01   4.4207879e-01
   1.7639494e-01   1.7709696e-01   6.4650810e-01
   1.4365798e-01   1.4408171e-01   7.1226030e-01
   1.1344871e-01   1.1591166e-01   7.7063963e-01
   1.7816000e-01   1.7884586e-01   6.4299414e-01
   2.3952012e-01   2.4004186e-01   5.2043802e-01
   4.4663308e-01   4.4415113e-01   1.0921579e-01
   1.6367483e-01   1.6499775e-01   6.7132742e-01
   2.7875752e-01   2.7846795e-01   4.4277454e-01
   1.7780787e-01   1.7608491e-01   6.4610722e-01
   1.4402711e-01   1.4400257e-01   7.1197032e-01
   1.1393340e-01   1.1532765e-01   7.7073894e-01
   1.7971673e-01   1.7826656e-01   6.4201671e-01
   2.3985590e-01   2.4064462e-01   5.1949948e-01
   4.4377329e-01   4.4672560e-01   1.0950111e-01
