
(0, 0):
eigen values are:
[0.5        0.         1.         0.16666667]
eigen vectors are:
[[ 0.          0.          1.          0.        ]
 [ 0.70710678  0.70710678  0.          0.        ]
 [ 0.70710678 -0.70710678  0.          0.        ]
 [ 0.          0.          0.          1.        ]]

(0, 1):
eigen values are:
[ 0.28867513 -0.28867513  0.          0.        ]
eigen vectors are:
[[ 0.00000000e+00  0.00000000e+00  0.00000000e+00  1.00000000e+00]
 [ 5.47722558e-01 -5.47722558e-01 -7.07106781e-01  0.00000000e+00]
 [ 5.47722558e-01 -5.47722558e-01  7.07106781e-01  0.00000000e+00]
 [ 6.32455532e-01  6.32455532e-01 -2.12104221e-33  0.00000000e+00]]

(0, 2):
eigen values are:
[ 0.28867513 -0.28867513  0.          0.        ]
eigen vectors are:
[[ 0.00000000e+00  0.00000000e+00  0.00000000e+00  1.00000000e+00]
 [ 5.47722558e-01 -5.47722558e-01 -7.07106781e-01  0.00000000e+00]
 [ 5.47722558e-01 -5.47722558e-01  7.07106781e-01  0.00000000e+00]
 [ 6.32455532e-01  6.32455532e-01 -2.12104221e-33  0.00000000e+00]]

(0, 3):
eigen values are:
[0. 0. 0. 0.]
eigen vectors are:
[[ 0.00000000e+000  2.40500203e-291  0.00000000e+000  0.00000000e+000]
 [ 0.00000000e+000  0.00000000e+000  1.00000000e+000  0.00000000e+000]
 [ 0.00000000e+000  0.00000000e+000  0.00000000e+000  1.00000000e+000]
 [ 1.00000000e+000 -1.00000000e+000  0.00000000e+000  0.00000000e+000]]

(1, 0):
eigen values are:
[ 0.28867513 -0.28867513  0.          0.        ]
eigen vectors are:
[[ 0.00000000e+00  0.00000000e+00  0.00000000e+00  1.00000000e+00]
 [ 4.47213595e-01 -4.47213595e-01 -7.07106781e-01  0.00000000e+00]
 [ 4.47213595e-01 -4.47213595e-01  7.07106781e-01  0.00000000e+00]
 [ 7.74596669e-01  7.74596669e-01  3.17503611e-32  0.00000000e+00]]

(1, 1):
eigen values are:
[0.33333333 0.         0.25       0.25      ]
eigen vectors are:
[[ 0.          0.          1.          0.        ]
 [ 0.70710678  0.70710678  0.          0.        ]
 [ 0.70710678 -0.70710678  0.          0.        ]
 [ 0.          0.          0.          1.        ]]

(1, 2):
eigen values are:
[0.33333333 0.         0.25       0.25      ]
eigen vectors are:
[[ 0.          0.          1.          0.        ]
 [ 0.70710678  0.70710678  0.          0.        ]
 [ 0.70710678 -0.70710678  0.          0.        ]
 [ 0.          0.          0.          1.        ]]

(1, 3):
eigen values are:
[ 0.28867513 -0.28867513  0.          0.        ]
eigen vectors are:
[[ 7.74596669e-01  7.74596669e-01  3.17503611e-32  0.00000000e+00]
 [ 4.47213595e-01 -4.47213595e-01 -7.07106781e-01  0.00000000e+00]
 [ 4.47213595e-01 -4.47213595e-01  7.07106781e-01  0.00000000e+00]
 [ 0.00000000e+00  0.00000000e+00  0.00000000e+00  1.00000000e+00]]

(2, 0):
eigen values are:
[ 0.28867513 -0.28867513  0.          0.        ]
eigen vectors are:
[[ 0.00000000e+00  0.00000000e+00  0.00000000e+00  1.00000000e+00]
 [ 4.47213595e-01 -4.47213595e-01 -7.07106781e-01  0.00000000e+00]
 [ 4.47213595e-01 -4.47213595e-01  7.07106781e-01  0.00000000e+00]
 [ 7.74596669e-01  7.74596669e-01  3.17503611e-32  0.00000000e+00]]

(2, 1):
eigen values are:
[0.33333333 0.         0.25       0.25      ]
eigen vectors are:
[[ 0.          0.          1.          0.        ]
 [ 0.70710678  0.70710678  0.          0.        ]
 [ 0.70710678 -0.70710678  0.          0.        ]
 [ 0.          0.          0.          1.        ]]

(2, 2):
eigen values are:
[0.33333333 0.         0.25       0.25      ]
eigen vectors are:
[[ 0.          0.          1.          0.        ]
 [ 0.70710678  0.70710678  0.          0.        ]
 [ 0.70710678 -0.70710678  0.          0.        ]
 [ 0.          0.          0.          1.        ]]

(2, 3):
eigen values are:
[ 0.28867513 -0.28867513  0.          0.        ]
eigen vectors are:
[[ 7.74596669e-01  7.74596669e-01  3.17503611e-32  0.00000000e+00]
 [ 4.47213595e-01 -4.47213595e-01 -7.07106781e-01  0.00000000e+00]
 [ 4.47213595e-01 -4.47213595e-01  7.07106781e-01  0.00000000e+00]
 [ 0.00000000e+00  0.00000000e+00  0.00000000e+00  1.00000000e+00]]

(3, 0):
eigen values are:
[0. 0. 0. 0.]
eigen vectors are:
[[ 1.00000000e+000  0.00000000e+000  0.00000000e+000 -1.00000000e+000]
 [ 0.00000000e+000  1.00000000e+000  0.00000000e+000  0.00000000e+000]
 [ 0.00000000e+000  0.00000000e+000  1.00000000e+000  0.00000000e+000]
 [ 0.00000000e+000  0.00000000e+000  0.00000000e+000  2.40500203e-291]]

(3, 1):
eigen values are:
[ 0.28867513 -0.28867513  0.          0.        ]
eigen vectors are:
[[ 6.32455532e-01  6.32455532e-01 -2.12104221e-33  0.00000000e+00]
 [ 5.47722558e-01 -5.47722558e-01 -7.07106781e-01  0.00000000e+00]
 [ 5.47722558e-01 -5.47722558e-01  7.07106781e-01  0.00000000e+00]
 [ 0.00000000e+00  0.00000000e+00  0.00000000e+00  1.00000000e+00]]

(3, 2):
eigen values are:
[ 0.28867513 -0.28867513  0.          0.        ]
eigen vectors are:
[[ 6.32455532e-01  6.32455532e-01 -2.12104221e-33  0.00000000e+00]
 [ 5.47722558e-01 -5.47722558e-01 -7.07106781e-01  0.00000000e+00]
 [ 5.47722558e-01 -5.47722558e-01  7.07106781e-01  0.00000000e+00]
 [ 0.00000000e+00  0.00000000e+00  0.00000000e+00  1.00000000e+00]]

(3, 3):
eigen values are:
[0.5        0.         0.16666667 1.        ]
eigen vectors are:
[[ 0.          0.          1.          0.        ]
 [ 0.70710678  0.70710678  0.          0.        ]
 [ 0.70710678 -0.70710678  0.          0.        ]
 [ 0.          0.          0.          1.        ]]
